governor_id	started	cancelled	completed	hit_target	joined	name
187197045	56	1	55	55	82	PÂªá¶¦á¶°ç—›è‹¦
187799168	83	2	81	81	332	Ë£Ã¸Ä±zysË£
8849165	51	7	44	44	78	Rpgrisen
98351074	52	4	48	48	23	á¶¦á´ºBuckNaked
187389003	72	10	62	62	71	ç´…æ˜­é¡˜
113338372	40	6	34	34	30	ãƒŸKUSHbrodaË¢á´°
145819667	0	0	0	0	13	ãƒŸKUSHmin2
77929499	96	12	84	84	83	ExhauÅ›ted
27509309	114	10	104	104	99	VeiLSide
187283502	28	1	27	27	3	Nanog
185924010	57	1	56	56	88	Luluã€¤Kuro
81422366	28	0	28	28	5	Sá´‹ Å ataÅˆ
185866462	156	6	150	150	152	Ari no me
32090653	18	1	17	17	37	achen
13713321	14	0	14	14	38	UzÃ¯
71796687	56	4	52	52	116	Ã™z
56770031	68	4	64	64	86	BÃªarDÃ¶wn
127526974	116	17	99	99	94	Flaps Majora
187860212	35	4	31	31	51	Dale349
179185466	18	1	17	17	45	ä¹‰ SÃ¸sÃ¸ ä¹‰
179719789	41	4	37	37	22	Äáº­uÄáº­uæ¾
187349574	48	3	45	45	63	kermit áµyriib
177708673	39	9	30	30	33	Chu Huong ãƒ„
187800242	80	19	61	61	66	king Angon
187200379	34	6	28	28	27	á´®áµá´¿ tkhd
62957514	35	4	31	31	45	HieuVMxNewStart
115932574	54	7	47	47	50	Bushido á¶¦á´º
96421094	24	2	22	22	24	VanillÄ…
148086205	99	7	92	92	87	Naimaa
167512329	35	0	35	35	77	Naimaa mini
187712562	31	3	28	28	19	Ucey Loosey
187196169	55	7	48	48	26	Geoá¶¦á´º
187196101	118	13	105	105	44	á´¬á´´yoshioka
179005837	58	0	58	58	66	å‘½ShanaÃ­a
188436437	11	0	11	11	107	ä¹‚Youtabä¹‚
174585155	62	7	55	55	71	Daddy Avis
187152965	37	0	37	37	35	Beasty
187152986	39	0	39	39	43	Beautyy
176039213	27	1	26	26	44	Long Ju
163023580	159	16	143	143	0	Panda 65
177454336	60	8	52	52	27	Papa Tony
134720015	76	9	67	67	44	Devil of Soul
41608562	11	0	11	11	15	Black CAT
177327767	0	0	0	0	27	NHDuVNO1
163292091	57	11	46	46	51	AlongHK
142139783	101	2	99	99	61	á¶ Ê³Benfica
22506551	1	1	0	0	20	Benficafarm1
15923779	33	3	30	30	41	Si Mondu
174094283	39	4	35	35	28	Lil Tony
123461709	61	3	58	58	42	á¶¦á´ºAvantGard
129929526	96	8	88	88	21	kingä¹„Hasan
178000344	61	10	51	51	34	Romsá¶¦á´º
178569940	0	0	0	0	5	RomsF3
165047930	0	0	0	0	5	RomsF2
140663165	103	10	93	93	25	á¶ Ê³LouLou
68803008	54	4	50	50	51	Simsbadger
177811681	80	10	70	70	16	Papi Horst
64797310	19	2	17	17	42	Diego67
167259324	38	7	31	31	13	Anh 7 gÃ á¶¦á´º
178105884	28	5	23	23	13	RomFarm1
188472124	0	0	0	0	172	ä¹‚Big Bossä¹‚
176576846	21	5	16	16	26	Bayeká¶¦á´º
178806902	140	15	125	125	105	Ñ•Ê€
44967924	33	5	28	28	21	WIZZIE
160562041	5	2	3	3	7	ã‹¡Aegerã‹¡
174363386	39	10	29	29	27	ItsDinoMofo
174370367	18	1	17	17	32	SiIverKass
60675175	11	0	11	11	4	SilverKass F5
138952918	80	6	74	74	75	é›„Silfieshi
178194046	54	7	47	47	61	Serein HERE
9545014	72	4	68	68	52	äº— Shiro äº—
46366830	45	2	43	43	0	Sotimerri
187800002	19	0	19	19	50	Lurtzá¶¦á´º
35894604	69	5	64	64	69	á¶¦á´ºZvizy
177594050	32	3	29	29	25	Zagob
184237961	46	1	45	45	119	Kandee
178779114	28	7	21	21	0	SmallLCN
121127769	50	9	41	41	66	BillionDTá¶¦á´º
184344021	28	2	26	26	28	SÃ¬r PÃ¸unds
125326841	146	7	139	139	17	sora x roki
177924281	34	3	31	31	34	KÃ¤nÃ¶
183632994	42	2	40	40	7	Ë¢Ê°áµ’Hunch
178722915	74	6	68	68	58	å‘½LarVatar
51787215	15	2	13	13	8	BuckNakedly
153170974	8	0	8	8	19	MaD ARES ä¹‚
39090448	23	4	19	19	8	Ñ‚Ð½Ñ” ÑÉªÐ¸É¢
173026440	4	0	4	4	10	äº—ToanTran
78938282	41	1	40	40	103	SuperLiz
163564251	33	5	28	28	42	MaD CYBORG ä¹‚
185174938	4	0	4	4	21	á´±Ê·UncleChill
177053483	37	3	34	34	64	á´¬á´´Lucciola
161701270	41	2	39	39	53	é‡‘çŒ«Kosh
57351658	30	5	25	25	77	H4lbertski
187775892	40	3	37	37	53	å¯‚Silfieshi
187150925	81	10	71	71	0	Ã‘Ã™BÅ¸
187339272	0	0	0	0	68	SPÉ…RTÉ…N
178722545	55	6	49	49	140	Main JapanesE
177976291	43	4	39	39	34	CRé¸ŸZY
178117762	58	8	50	50	17	Rudiii
131184443	71	9	62	62	29	ÛžSarauw Ûž
187130066	20	2	18	18	30	Kasperá¶¦á´º
187737008	49	5	44	44	36	VADYMá¶¦á´º
70664943	14	0	14	14	25	NewDoryá¶¦á´º
162392189	22	3	19	19	18	ç°Zeroã†Mitaka
63946747	51	2	49	49	38	Monky D LuFFy
147829747	51	2	49	49	43	Scanster
70688610	31	3	28	28	22	Riffá¶¦á´ºSak
187716803	0	0	0	0	59	Angons farm
135041813	34	6	28	28	46	BÃ¡nh BÃ¡nh
80525087	47	6	41	41	16	á´¿á´±GooSeBump
173343263	37	5	32	32	47	Ä€NU
177855818	21	0	21	21	39	Rakdos
22535429	5	2	3	3	11	Tati little
179893859	2	0	2	2	4	äº—Lord Chri
123632846	20	0	20	20	15	teronakoé›¨
177593900	82	9	73	73	8	TheGSquad
187699326	1	1	0	0	0	Super Mondu
177270007	9	1	8	8	29	ã„´Shaknalã„±
24406548	5	0	5	5	0	á´›sÉ´ STITCH
177799530	0	0	0	0	1	BÇ”ck
187203561	6	0	6	6	21	Tá´p Sá´‡cret
178057683	12	1	11	11	3	Fairy Mah
187794777	0	0	0	0	1	OldDoryá¶¦á´º
177765063	6	0	6	6	0	Lil Tony Wench
179391638	0	0	0	0	6	TonyFFS2
75096297	2	0	2	2	2	Ashá¶¦á´º
